250.0 250.0
122.0 163.0 0.628011069862 8862.33370419
89.0 23.0 0.0502752000014 10749.7248
116.0 13.0 0.0476080000009 10752.392
168.0 12.0 0.0277500000007 10772.25
199.0 22.0 0.0467805200008 10753.21948
330.0 21.0 0.0209134800005 10779.08652
409.0 23.0 0.0223580400002 10777.64196
55.0 59.0 0.0375920000005 10762.408
95.0 45.0 0.152656000002 10647.344
129.0 63.0 0.117939680001 10682.06032
156.0 61.0 0.0512781200011 10748.72188
186.0 62.0 0.0609318000014 10739.0682
275.0 63.0 0.01844248 10781.55752
295.0 63.0 0.0696772400014 10730.32276
330.0 44.0 0.0612400000005 10738.76
384.0 47.0 0.0103000000003 10789.7
456.0 43.0 0.0290107200004 10770.98928
23.0 86.0 0.0401368000004 10759.8632
61.0 87.0 0.0836200000015 10716.38
89.0 87.0 0.0599028800013 10740.09712
133.0 89.0 0.0659101600012 10734.08984
152.0 80.0 0.0366600000011 10763.34
191.0 90.0 0.0586400000001 10741.36
233.0 87.0 0.0212400000006 10778.76
276.0 87.0 0.0332600000009 10766.74
305.0 93.0 0.0967348000014 10703.2652
328.0 78.0 0.0830984800015 10716.90152
383.0 90.0 0.00528000000015 10794.72
406.0 88.0 0.0232620000001 10776.738
456.0 95.0 0.0202000000006 10779.8
484.0 91.0 0.0294444000003 10770.5556
22.0 120.0 0.0264037600006 10773.59624
45.0 125.0 0.046386000001 10753.614
87.0 130.0 0.161746879999 10638.25312
116.0 121.0 0.0905736800011 10709.42632
151.0 132.0 0.0561545200002 10743.84548
198.0 127.0 0.0671592 10732.8408
222.0 118.0 0.0332801600005 10766.71984
274.0 131.0 0.0185736400002 10781.42636
309.0 126.0 0.0321000000009 10767.9
342.0 129.0 0.0212878400002 10778.71216
367.0 125.0 0.0282800000005 10771.72
409.0 122.0 0.0305400000009 10769.46
435.0 135.0 0.0612722000005 10738.7278
482.0 114.0 0.0256300000002 10774.37
9.0 156.0 0.0409243200007 10759.07568
52.0 151.0 0.162276280002 10637.72372
97.0 168.0 0.0307600000009 10769.24
61.0 10.0 0.0292000000003 10770.8
158.0 162.0 0.0157400000005 10784.26
206.0 161.0 0.0151800000004 10784.82
228.0 154.0 0.00494000000014 10795.06
270.0 150.0 0.0586088000009 10741.3912
301.0 170.0 0.206067040005 10593.93296
339.0 167.0 0.294155800005 10505.8442
378.0 152.0 0.0778040000013 10722.196
400.0 165.0 0.117554800003 10682.4452
456.0 155.0 0.0475954800007 10752.40452
474.0 151.0 0.0185736000005 10781.4264
9.0 192.0 0.0473030000009 10752.697
59.0 189.0 0.248180240002 10551.81976
96.0 194.0 0.269071760003 10530.92824
130.0 203.0 0.235073040005 10564.92696
153.0 206.0 0.387750480006 10412.24952
192.0 201.0 0.367260560004 10432.73944
229.0 194.0 0.181428720004 10618.57128
261.0 190.0 0.0988097600026 10701.19024
308.0 191.0 0.291743680003 10508.25632
333.0 194.0 0.115896480003 10684.10352
380.0 188.0 0.134766800003 10665.2332
412.0 195.0 0.114337320002 10685.66268
446.0 190.0 0.0742220000014 10725.778
484.0 194.0 0.0331088000004 10766.8912
62.0 225.0 0.0561836800013 10743.81632
89.0 238.0 0.00508000000015 10794.92
124.0 222.0 0.114539360003 10685.46064
166.0 226.0 0.221351200006 10578.6488
194.0 234.0 0.409824880006 10390.17512
227.0 231.0 0.334612400001 10465.3876
274.0 235.0 0.348556400003 10451.4436
303.0 235.0 0.200154600005 10599.8454
343.0 222.0 0.0519600000015 10748.04
376.0 230.0 0.2008396 10599.1604
412.0 237.0 0.235057000002 10564.943
454.0 233.0 0.0465224800006 10753.47752
483.0 221.0 0.0253452000002 10774.6548
61.0 268.0 0.0162200000005 10783.78
83.0 266.0 0.0214600000006 10778.54
133.0 264.0 0.0224372799999 10777.56272
168.0 278.0 0.0220800000006 10777.92
205.0 267.0 0.0777800000022 10722.22
238.0 264.0 0.146236800004 10653.7632
268.0 277.0 0.205834920003 10594.16508
293.0 259.0 0.178594560005 10621.40544
346.0 272.0 0.0522000000015 10747.8
377.0 259.0 0.0644648000012 10735.5352
415.0 276.0 0.142012800002 10657.9872
450.0 267.0 0.0485988000009 10751.4012
489.0 261.0 0.484883862609 8846.07826752
20.0 300.0 0.0209682000002 10779.0318
62.0 300.0 0.0840666800006 10715.93332
88.0 303.0 0.048397360001 10751.60264
127.0 309.0 0.0658291200008 10734.17088
165.0 297.0 0.0388775999997 10761.1224
191.0 314.0 0.0727200000021 10727.28
237.0 312.0 0.167600000005 10632.4
274.0 310.0 0.312795000006 10487.205
295.0 314.0 0.216156400006 10583.8436
342.0 300.0 0.0558720000011 10744.128
368.0 305.0 0.212106000003 10587.894
411.0 302.0 0.0647950000014 10735.205
438.0 296.0 0.063652320001 10736.34768
472.0 303.0 0.0464908000007 10753.5092
24.0 343.0 0.0385936000005 10761.4064
58.0 337.0 0.0498408000008 10750.1592
89.0 349.0 0.0369600000011 10763.04
122.0 340.0 0.0676896800013 10732.31032
161.0 339.0 0.230289000001 10569.711
204.0 337.0 0.0393004000008 10760.6996
228.0 349.0 0.181176000004 10618.824
265.0 335.0 0.617806600002 10182.1934
302.0 328.0 0.149278880001 10650.72112
336.0 348.0 0.134484000001 10665.516
365.0 345.0 0.113558000002 10686.442
407.0 344.0 0.154965600001 10645.0344
448.0 335.0 0.0201600000006 10779.84
474.0 333.0 0.0524240000014 10747.576
24.0 368.0 0.0363775999999 10763.6224
50.0 380.0 0.0198400000006 10780.16
94.0 385.0 0.0622764400013 10737.72356
122.0 383.0 0.169941920003 10630.05808
155.0 371.0 0.196270400004 10603.7296
194.0 370.0 0.0686873200014 10731.31268
231.0 367.0 0.143962880004 10656.03712
266.0 371.0 0.671058480003 10128.94152
303.0 379.0 0.471296360007 10328.70364
334.0 378.0 0.178363520004 10621.63648
365.0 383.0 0.0806035200012 10719.39648
414.0 375.0 0.0884932000015 10711.5068
438.0 368.0 0.0608122400014 10739.18776
485.0 369.0 0.0595068000007 10740.4932
8.0 402.0 0.0289600000003 10771.04
51.0 408.0 0.0578800000003 10742.12
88.0 406.0 0.0833876400013 10716.61236
128.0 404.0 0.0523100000014 10747.69
151.0 416.0 0.0276800000001 10772.32
190.0 418.0 0.0153800000004 10784.62
241.0 408.0 0.181502560003 10618.49744
273.0 401.0 0.329317160006 10470.68284
304.0 403.0 0.307116600003 10492.8834
335.0 404.0 0.0974832800025 10702.51672
370.0 415.0 0.0335229200007 10766.47708
417.0 413.0 0.0631360800006 10736.86392
455.0 419.0 0.0384896000005 10761.5104
473.0 404.0 0.0346500000004 10765.35
8.0 442.0 0.00486000000014 10795.14
61.0 438.0 0.0350800000004 10764.92
84.0 447.0 0.04560176 10754.39824
119.0 441.0 0.0154000000004 10784.6
168.0 453.0 0.0386168000007 10761.3832
200.0 437.0 0.0740371600019 10725.96284
235.0 441.0 0.166860000002 10633.14
270.0 449.0 0.0620103600014 10737.98964
301.0 448.0 0.111552000002 10688.448
349.0 454.0 0.188062080003 10611.93792
380.0 456.0 0.106472000001 10693.528
414.0 446.0 0.0602083200004 10739.79168
454.0 454.0 0.451256839595 8982.54595468
19.0 480.0 0.0142398 10785.7602
50.0 482.0 0.00486000000014 10795.14
80.0 476.0 0.0239214000004 10776.0786
129.0 479.0 0.0267481599999 10773.25184
150.0 491.0 0.0350500000005 10764.95
188.0 486.0 0.0599176000013 10740.0824
239.0 485.0 0.0374988800003 10762.50112
303.0 480.0 0.0368745600006 10763.12544
330.0 472.0 0.0778434400017 10722.15656
364.0 484.0 0.0550100000011 10744.99
410.0 475.0 0.0443170400006 10755.68296
440.0 472.0 0.0343667200005 10765.63328
7.0 175.0 0.0385990400008 10761.40096
303.0 277.0 0.0963680000015 10703.632
99.0 376.0 0.0969029600014 10703.09704
71.0 40.0 0.0619238400014 10738.07616
180.0 35.0 0.075628640001 10724.37136
228.0 33.0 0.00546000000016 10794.54
214.0 56.0 0.0985185600006 10701.48144
400.0 58.0 0.0295652800002 10770.43472
465.0 68.0 0.0514120000008 10748.588
447.0 114.0 0.0591761600001 10740.82384
283.0 202.0 0.455622000008 10344.378
341.0 104.0 0.0685828800011 10731.41712
365.0 172.0 0.182883000002 10617.117
433.0 222.0 0.114139760003 10685.86024
381.0 317.0 0.147626400004 10652.3736
211.0 465.0 0.121296480002 10678.70352
38.0 311.0 0.057935200001 10742.0648
34.0 172.0 0.132612080003 10667.38792
67.0 117.0 0.121333480002 10678.66652
325.0 430.0 0.281144800005 10518.8552
