250.0 250.0
46.0 23.0 0.0333606000007 10766.6394
79.0 10.0 0.0283075200004 10771.69248
126.0 20.0 0.0661977600011 10733.80224
144.0 23.0 0.0668334800014 10733.16652
186.0 12.0 0.0353710000004 10764.629
217.0 10.0 0.0416945600008 10758.30544
248.0 11.0 0.0293930000006 10770.607
275.0 25.0 0.0678643200007 10732.13568
326.0 16.0 0.0536760000007 10746.324
357.0 26.0 0.0679960400017 10732.00396
380.0 14.0 0.0288320800005 10771.16792
457.0 21.0 0.00464000000014 10795.36
15.0 44.0 0.0338352800003 10766.16472
50.0 50.0 0.0768230800019 10723.17692
85.0 49.0 0.0210600000006 10778.94
111.0 45.0 0.0352443200005 10764.75568
154.0 40.0 0.128273600001 10671.7264
180.0 42.0 0.117691920002 10682.30808
211.0 49.0 0.122977600003 10677.0224
249.0 55.0 0.148575680002 10651.42432
285.0 45.0 0.0810968000016 10718.9032
321.0 45.0 0.169530560001 10630.46944
345.0 49.0 0.105956480002 10694.04352
385.0 41.0 0.0778992000017 10722.1008
417.0 44.0 0.109744000001 10690.256
449.0 46.0 0.0561678400007 10743.83216
485.0 46.0 0.0320468800006 10767.95312
22.0 84.0 0.0484708800008 10751.52912
57.0 78.0 0.156419600001 10643.5804
90.0 92.0 0.104357160003 10695.64284
119.0 75.0 0.121577680002 10678.42232
152.0 74.0 0.234781360004 10565.21864
187.0 75.0 0.164348000002 10635.652
222.0 75.0 0.211695000003 10588.305
252.0 90.0 0.330570000005 10469.43
277.0 81.0 0.124473920003 10675.52608
317.0 85.0 0.135668000003 10664.332
341.0 79.0 0.160130720002 10639.86928
393.0 85.0 0.192184000004 10607.816
425.0 83.0 0.127437960002 10672.56204
458.0 80.0 0.0631969200015 10736.80308
492.0 79.0 0.0415981600003 10758.40184
23.0 112.0 0.0470537600008 10752.94624
48.0 124.0 0.0831416000015 10716.8584
79.0 109.0 0.233093600003 10566.9064
118.0 109.0 0.337551000003 10462.449
157.0 111.0 0.380431120001 10419.56888
185.0 114.0 0.506249520005 10293.75048
220.0 118.0 0.222769520005 10577.23048
255.0 119.0 0.432302800009 10367.6972
279.0 109.0 0.198300000005 10601.7
319.0 121.0 0.207724800005 10592.2752
343.0 109.0 0.176258400004 10623.7416
389.0 123.0 0.305813160003 10494.18684
416.0 113.0 0.160416920002 10639.58308
445.0 110.0 0.0417000000012 10758.3
473.0 113.0 0.04314128 10756.85872
10.0 150.0 0.0368458400008 10763.15416
42.0 147.0 0.104221200002 10695.7788
79.0 146.0 0.174712000002 10625.288
120.0 155.0 0.0416510000003 10758.349
151.0 153.0 0.135445600003 10664.5544
189.0 149.0 0.514875400009 10285.1246
221.0 158.0 0.710600000008 10089.4
253.0 142.0 0.527961280014 10272.03872
291.0 150.0 0.247955000007 10552.045
321.0 147.0 0.256381040004 10543.61896
341.0 155.0 0.0844012000018 10715.5988
386.0 143.0 0.214801600004 10585.1984
409.0 156.0 0.269323520006 10530.67648
441.0 159.0 0.140270960003 10659.72904
486.0 141.0 0.0487930000007 10751.207
24.0 175.0 0.0599804000014 10740.0196
44.0 178.0 0.083167680002 10716.83232
77.0 180.0 0.249303600003 10550.6964
116.0 178.0 0.126295520003 10673.70448
146.0 180.0 0.195992000004 10604.008
182.0 192.0 0.323640000007 10476.36
210.0 185.0 0.556741880016 10243.25812
247.0 176.0 0.523951159271 9308.23999998
275.0 177.0 0.617176600013 10182.8234
319.0 186.0 0.0106800000003 10789.32
345.0 192.0 0.0689673600011 10731.03264
384.0 191.0 0.00550000000016 10794.5
415.0 178.0 0.0781600000023 10721.84
453.0 173.0 0.0604920000016 10739.508
477.0 179.0 0.0461016000008 10753.8984
20.0 212.0 0.0756961200017 10724.30388
59.0 218.0 0.184472160004 10615.52784
84.0 216.0 0.481168680004 10318.83132
121.0 216.0 0.523854720004 10276.14528
158.0 213.0 0.369739200006 10430.2608
173.0 214.0 0.559320000005 10240.68
207.0 217.0 0.802498240013 9997.50175999
246.0 222.0 0.788984475687 9593.79199998
293.0 215.0 0.554730000014 10245.27
315.0 216.0 0.0844840000011 10715.516
357.0 225.0 0.0737200000021 10726.28
381.0 214.0 0.0832885200017 10716.71148
422.0 220.0 0.178968760002 10621.03124
453.0 226.0 0.0988071200023 10701.19288
491.0 226.0 0.0403422400007 10759.65776
18.0 244.0 0.0104400000003 10789.56
43.0 243.0 0.0759736000015 10724.0264
78.0 240.0 0.166658880004 10633.34112
119.0 257.0 0.0593104000015 10740.6896
151.0 254.0 0.0582722000009 10741.7278
182.0 256.0 0.107640000003 10692.36
221.0 255.0 0.0255699200004 10774.43008
258.0 245.0 0.504754434693 9724.49047998
290.0 254.0 0.583634914495 9794.69139998
324.0 256.0 0.207080800004 10592.9192
340.0 240.0 0.0669470800015 10733.05292
390.0 243.0 0.264211960003 10535.78804
415.0 245.0 0.140355680002 10659.64432
443.0 246.0 0.134266400002 10665.7336
486.0 246.0 0.0423390000006 10757.661
23.0 284.0 0.0269961600006 10773.00384
48.0 288.0 0.0151800000004 10784.82
89.0 287.0 0.0227964800004 10777.20352
114.0 290.0 0.136908800002 10663.0912
150.0 273.0 0.171878200002 10628.1218
189.0 282.0 0.244141000005 10555.859
225.0 278.0 0.0352463600003 10764.75364
249.0 285.0 0.0281923200004 10771.80768
286.0 275.0 0.232406560007 10567.59344
321.0 276.0 0.554039000003 10245.961
342.0 274.0 0.127544160003 10672.45584
374.0 291.0 0.138225280003 10661.77472
410.0 291.0 0.084815200002 10715.1848
446.0 281.0 0.0881560800005 10711.84392
484.0 291.0 0.06640272 10733.59728
20.0 325.0 0.0573611200014 10742.63888
40.0 313.0 0.123514800003 10676.4852
73.0 326.0 0.216403040002 10583.59696
113.0 321.0 0.339593440005 10460.40656
149.0 307.0 0.329248160003 10470.75184
179.0 308.0 0.394469600007 10405.5304
212.0 323.0 0.431288960004 10368.71104
244.0 315.0 0.197760000006 10602.24
278.0 321.0 0.449857600002 10350.1424
322.0 312.0 0.247879920006 10552.12008
352.0 313.0 0.396829320007 10403.17068
384.0 307.0 0.209529600005 10590.4704
415.0 318.0 0.150357840002 10649.64216
453.0 325.0 0.128161800001 10671.8382
484.0 317.0 0.0294382400004 10770.56176
17.0 347.0 0.052256800001 10747.7432
49.0 349.0 0.186372200003 10613.6278
89.0 350.0 0.301544520003 10498.45548
111.0 349.0 0.0575600000017 10742.44
151.0 358.0 0.363758000002 10436.242
188.0 354.0 0.0876000000025 10712.4
219.0 352.0 0.402931200003 10397.0688
254.0 353.0 0.110155200002 10689.8448
285.0 345.0 0.417665000004 10382.335
319.0 352.0 0.485212400005 10314.7876
343.0 348.0 0.255702720007 10544.29728
375.0 340.0 0.193062960003 10606.93704
413.0 344.0 0.0926672000021 10707.3328
455.0 352.0 0.0539687200008 10746.03128
484.0 348.0 0.0536744000008 10746.3256
7.0 375.0 0.00530000000015 10794.7
49.0 388.0 0.127830080002 10672.16992
84.0 374.0 0.0266322400002 10773.36776
114.0 389.0 0.097968000002 10702.032
152.0 388.0 0.356111920003 10443.88808
183.0 388.0 0.111472400003 10688.5276
220.0 379.0 0.335876800002 10464.1232
251.0 374.0 0.181802240004 10618.19776
280.0 373.0 0.121994720003 10678.00528
324.0 391.0 0.296000320006 10503.99968
346.0 376.0 0.353453800006 10446.5462
391.0 374.0 0.106340640001 10693.65936
411.0 375.0 0.042150120001 10757.84988
447.0 383.0 0.0590992000009 10740.9008
477.0 378.0 0.0670568000013 10732.9432
20.0 410.0 0.0297538000006 10770.2462
47.0 422.0 0.101044000001 10698.956
86.0 416.0 0.0624209600015 10737.57904
109.0 426.0 0.193681960001 10606.31804
142.0 418.0 0.313360000001 10486.64
191.0 424.0 0.0351184000003 10764.8816
206.0 423.0 0.0313400000009 10768.66
258.0 424.0 0.246164400005 10553.8356
280.0 423.0 0.048159800001 10751.8402
319.0 407.0 0.0620622400017 10737.93776
345.0 412.0 0.109632560003 10690.36744
384.0 424.0 0.179682760004 10620.31724
421.0 414.0 0.0205000000006 10779.5
457.0 406.0 0.1034 10696.6
490.0 414.0 0.0492046400007 10750.79536
15.0 441.0 0.0386868000006 10761.3132
50.0 442.0 0.0467900000009 10753.21
74.0 449.0 0.0714408000019 10728.5592
125.0 454.0 0.154864400004 10645.1356
147.0 444.0 0.125752760002 10674.24724
190.0 451.0 0.0426800000011 10757.32
222.0 455.0 0.0877128000017 10712.2872
245.0 459.0 0.0829778400022 10717.02216
274.0 449.0 0.152727320002 10647.27268
310.0 459.0 0.058244320001 10741.75568
343.0 448.0 0.02943328 10770.56672
385.0 447.0 0.0813152000019 10718.6848
425.0 458.0 0.0968790400013 10703.12096
445.0 456.0 0.0912984000025 10708.7016
487.0 440.0 0.0283386000004 10771.6614
82.0 474.0 0.0316797600008 10768.32024
113.0 488.0 0.0450384000008 10754.9616
157.0 484.0 0.0276192000005 10772.3808
191.0 477.0 0.0357190000002 10764.281
219.0 475.0 0.0555833600011 10744.41664
248.0 474.0 0.0879821600019 10712.01784
275.0 482.0 0.0693380000013 10730.662
308.0 484.0 0.0262766400003 10773.72336
424.0 482.0 0.0461115200009 10753.88848
451.0 474.0 0.0490171200012 10750.98288
377.0 273.0 0.0902400000026 10709.76
44.0 235.0 0.092839640002 10707.16036
137.0 264.0 0.0377300000011 10762.27
456.0 474.0 0.0538670000011 10746.133
147.0 245.0 0.238172240006 10561.82776
230.0 439.0 0.169158960004 10630.84104
250.0 436.0 0.179109600005 10620.8904
17.0 251.0 0.0364732000005 10763.5268
470.0 133.0 0.0229924000003 10777.0076
236.0 262.0 0.455584800013 10344.4152
266.0 147.0 0.838451920011 9961.54807999
158.0 33.0 0.0615804000014 10738.4196
292.0 153.0 0.379523200005 10420.4768
404.0 215.0 0.121790000003 10678.21
344.0 414.0 0.126078120003 10673.92188
304.0 406.0 0.048280000001 10751.72
121.0 2.0 0.0323264000007 10767.6736
197.0 119.0 0.111279600003 10688.7204
1.0 215.0 0.0214036 10778.5964
46.0 202.0 0.0566200000011 10743.38
320.0 298.0 0.320051400004 10479.9486
298.0 466.0 0.072256400001 10727.7436
227.0 412.0 0.358445920005 10441.55408
262.0 106.0 0.111558880003 10688.44112
381.0 31.0 0.0529702000013 10747.0298
141.0 462.0 0.0617664000015 10738.2336
369.0 402.0 0.263917000003 10536.083
417.0 440.0 0.183288400002 10616.7116
459.0 439.0 0.0831786000015 10716.8214
93.0 447.0 0.104418800002 10695.5812
377.0 67.0 0.0858536000016 10714.1464
358.0 141.0 0.0989600000029 10701.04
262.0 206.0 0.725485481276 8748.40727996
