250.0 250.0
22.0 15.0 0.0336450000005 10766.355
40.0 15.0 0.0462904000006 10753.7096
79.0 12.0 0.0287928000004 10771.2072
100.0 17.0 0.0602216800012 10739.77832
130.0 16.0 0.0484465600008 10751.55344
156.0 15.0 0.0263820000003 10773.618
196.0 13.0 0.0325076800001 10767.49232
222.0 17.0 0.0289849600005 10771.01504
254.0 11.0 0.0308067200004 10769.19328
280.0 13.0 0.0705540000014 10729.446
307.0 15.0 0.0478310000011 10752.169
333.0 20.0 0.040144400001 10759.8556
361.0 21.0 0.0412058000007 10758.7942
429.0 8.0 0.0237582400005 10776.24176
464.0 11.0 0.0435060000011 10756.494
492.0 22.0 0.0237804800004 10776.21952
16.0 48.0 0.0646582800014 10735.34172
48.0 51.0 0.129302720001 10670.69728
77.0 41.0 0.0664790400013 10733.52096
104.0 44.0 0.111461120002 10688.53888
127.0 44.0 0.110118640001 10689.88136
158.0 46.0 0.0950784000016 10704.9216
195.0 47.0 0.0846186400018 10715.38136
227.0 46.0 0.103684000002 10696.316
256.0 43.0 0.0894561600013 10710.54384
280.0 48.0 0.158311040003 10641.68896
302.0 35.0 0.073081080002 10726.91892
334.0 37.0 0.109665760002 10690.33424
362.0 42.0 0.0503672800013 10749.63272
403.0 49.0 0.044143000001 10755.857
434.0 38.0 0.0712950000016 10728.705
457.0 37.0 0.0919657200021 10708.03428
485.0 40.0 0.0587891600012 10741.21084
44.0 77.0 0.0802132000018 10719.7868
76.0 71.0 0.209782000002 10590.218
110.0 64.0 0.134270880002 10665.72912
134.0 79.0 0.129225400003 10670.7746
163.0 75.0 0.133009080004 10666.99092
187.0 73.0 0.093455000001 10706.545
216.0 68.0 0.138227200002 10661.7728
248.0 68.0 0.247273120004 10552.72688
277.0 69.0 0.161813920004 10638.18608
310.0 80.0 0.127318000002 10672.682
340.0 73.0 0.204111040004 10595.88896
361.0 71.0 0.143737600004 10656.2624
400.0 81.0 0.120288000003 10679.712
428.0 71.0 0.130466440003 10669.53356
447.0 66.0 0.201419400003 10598.5806
479.0 65.0 0.103403000002 10696.597
15.0 106.0 0.0455960000011 10754.404
51.0 97.0 0.0944452000026 10705.5548
65.0 102.0 0.157052840002 10642.94716
95.0 104.0 0.212948000003 10587.052
131.0 99.0 0.177082000002 10622.918
167.0 106.0 0.384011800007 10415.9882
190.0 107.0 0.239498240005 10560.50176
227.0 105.0 0.193055200004 10606.9448
253.0 107.0 0.283065600004 10516.9344
286.0 100.0 0.238049240003 10561.95076
307.0 104.0 0.168704720001 10631.29528
330.0 103.0 0.244976320006 10555.02368
363.0 97.0 0.603889840005 10196.11016
394.0 107.0 0.419043360004 10380.95664
421.0 103.0 0.336132200006 10463.8678
457.0 103.0 0.283653760005 10516.34624
481.0 104.0 0.0787192800018 10721.28072
17.0 134.0 0.0324307200005 10767.56928
39.0 124.0 0.0703476000003 10729.6524
68.0 140.0 0.0365400000011 10763.46
108.0 137.0 0.0987040000026 10701.296
124.0 128.0 0.247870800003 10552.1292
162.0 139.0 0.399978120007 10400.02188
190.0 130.0 0.495246880007 10304.75312
220.0 123.0 0.192631960003 10607.36804
248.0 138.0 0.322294880008 10477.70512
272.0 135.0 0.360280000007 10439.72
305.0 134.0 0.367774200003 10432.2258
331.0 123.0 0.304059480007 10495.94052
362.0 136.0 0.523106880007 10276.89312
392.0 128.0 0.143894240003 10656.10576
418.0 133.0 0.189586280005 10610.41372
449.0 140.0 0.0405491200008 10759.45088
484.0 127.0 0.0764042000017 10723.5958
6.0 168.0 0.0350820000005 10764.918
43.0 167.0 0.0509811600007 10749.01884
66.0 165.0 0.0473808000011 10752.6192
107.0 154.0 0.100030320002 10699.96968
132.0 155.0 0.161959000004 10638.041
164.0 156.0 0.292091800007 10507.9082
186.0 168.0 0.350653160007 10449.34684
212.0 158.0 0.453961920007 10346.03808
243.0 159.0 0.842582000009 9957.41799999
278.0 168.0 0.683772000015 10116.228
304.0 164.0 0.525594560011 10274.40544
346.0 164.0 0.149863040004 10650.13696
371.0 161.0 0.781546760004 10018.45324
398.0 168.0 0.180480240005 10619.51976
421.0 157.0 0.118702160002 10681.29784
461.0 154.0 0.0663416000004 10733.6584
493.0 158.0 0.0383568000009 10761.6432
5.0 193.0 0.0488100000007 10751.19
41.0 194.0 0.147834160001 10652.16584
74.0 194.0 0.0886275200012 10711.37248
109.0 182.0 0.150000000002 10650.0
132.0 185.0 0.141189360002 10658.81064
154.0 198.0 0.0810748800023 10718.92512
183.0 188.0 0.502615200003 10297.3848
221.0 198.0 0.642324607087 9737.50239997
255.0 194.0 0.916522850189 9296.27647997
284.0 186.0 0.597632014087 9735.31999998
310.0 195.0 0.663464840015 10136.53516
344.0 189.0 0.759199680009 10040.80032
359.0 199.0 0.350085200009 10449.9148
397.0 186.0 0.290932640008 10509.06736
433.0 191.0 0.161130160002 10638.86984
453.0 190.0 0.0758801200019 10724.11988
492.0 188.0 0.0366488000003 10763.3512
11.0 223.0 0.0270880000005 10772.912
52.0 217.0 0.075499360002 10724.50064
70.0 219.0 0.205426080003 10594.57392
108.0 219.0 0.249389440003 10550.61056
126.0 213.0 0.230281440003 10569.71856
160.0 212.0 0.310334160004 10489.66584
197.0 217.0 0.354126560006 10445.87344
223.0 222.0 0.711247305324 9749.11863998
245.0 220.0 0.892462809163 8896.93999997
279.0 221.0 0.893942606999 9023.38935998
300.0 214.0 0.697883600013 10102.1164
343.0 222.0 0.0829600000024 10717.04
370.0 218.0 0.421234000009 10378.766
396.0 217.0 0.293850400005 10506.1496
422.0 217.0 0.199488960004 10600.51104
456.0 212.0 0.130318600003 10669.6814
484.0 224.0 0.0564164800005 10743.58352
16.0 248.0 0.0461930800003 10753.80692
47.0 244.0 0.102810000003 10697.19
80.0 248.0 0.145192040003 10654.80796
110.0 247.0 0.156815360004 10643.18464
127.0 250.0 0.248770000002 10551.23
162.0 255.0 0.252740000007 10547.26
188.0 253.0 0.512840000014 10287.16
226.0 257.0 0.808225000005 9991.775
244.0 248.0 0.544752800016 10255.2472
285.0 255.0 0.685021304334 9818.91999999
311.0 254.0 0.34241920001 10457.5808
339.0 253.0 0.563313120008 10236.68688
372.0 251.0 0.314798280006 10485.20172
405.0 258.0 0.203126480003 10596.87352
431.0 249.0 0.155704920002 10644.29508
455.0 243.0 0.0819616000018 10718.0384
492.0 253.0 0.0476076800008 10752.39232
49.0 278.0 0.184660480003 10615.33952
76.0 285.0 0.264350240004 10535.64976
98.0 273.0 0.215574400005 10584.4256
130.0 279.0 0.377298880008 10422.70112
167.0 287.0 0.575137551331 9756.87935998
199.0 287.0 0.559775838137 9627.28051999
220.0 280.0 0.774798359805 9624.71639997
256.0 286.0 0.759077086576 9382.67775998
286.0 283.0 0.700239600019 10099.7604
313.0 283.0 0.502330988285 9843.14191999
341.0 287.0 0.477808000007 10322.192
369.0 272.0 0.213147480003 10586.85252
394.0 286.0 0.186550120004 10613.44988
430.0 278.0 0.159232800002 10640.7672
453.0 272.0 0.0839872800021 10716.01272
490.0 286.0 0.0465526000007 10753.4474
21.0 315.0 0.0373139600009 10762.68604
45.0 306.0 0.106684000002 10693.316
66.0 305.0 0.147714600003 10652.2854
103.0 311.0 0.196675360004 10603.32464
128.0 302.0 0.512399840003 10287.60016
166.0 310.0 0.365001920007 10434.99808
182.0 314.0 0.890035120018 9909.96487998
229.0 306.0 0.684899998439 9663.47319999
245.0 315.0 0.602589187194 9618.41543998
284.0 312.0 0.555872224401 9860.05839998
312.0 303.0 0.176446080004 10623.55392
343.0 301.0 0.308025440009 10491.97456
363.0 311.0 0.349431200007 10450.5688
402.0 314.0 0.395881200006 10404.1188
431.0 313.0 0.165310400004 10634.6896
458.0 304.0 0.0856856000015 10714.3144
478.0 316.0 0.0263358400005 10773.66416
17.0 330.0 0.0441056000006 10755.8944
40.0 331.0 0.0595200000012 10740.48
76.0 338.0 0.0598384800012 10740.16152
97.0 333.0 0.161047480004 10638.95252
135.0 340.0 0.437743200006 10362.2568
159.0 330.0 0.551976800007 10248.0232
197.0 342.0 0.577189280007 10222.81072
219.0 346.0 0.233195600005 10566.8044
256.0 343.0 0.588502600014 10211.4974
272.0 340.0 0.790388960015 10009.61104
303.0 340.0 0.568535600009 10231.4644
339.0 344.0 0.422176800007 10377.8232
360.0 345.0 0.155587200004 10644.4128
403.0 334.0 0.137608320004 10662.39168
423.0 342.0 0.203122000003 10596.878
463.0 329.0 0.0687136000011 10731.2864
488.0 344.0 0.0301580000005 10769.842
18.0 375.0 0.0692785200016 10730.72148
46.0 374.0 0.118035200003 10681.9648
66.0 371.0 0.0558200000016 10744.18
111.0 369.0 0.188200520005 10611.79948
130.0 359.0 0.225736560003 10574.26344
158.0 371.0 0.256330800003 10543.6692
198.0 367.0 0.175768080005 10624.23192
217.0 373.0 0.255075440007 10544.92456
248.0 376.0 0.385082280004 10414.91772
285.0 359.0 0.322663200008 10477.3368
315.0 367.0 0.277142680008 10522.85732
339.0 373.0 0.196214520005 10603.78548
366.0 365.0 0.199741200005 10600.2588
394.0 365.0 0.0526779200008 10747.32208
423.0 366.0 0.0931513600022 10706.84864
449.0 370.0 0.126863200002 10673.1368
477.0 368.0 0.00532000000015 10794.68
10.0 404.0 0.0805680000012 10719.432
38.0 398.0 0.270811200001 10529.1888
74.0 390.0 0.230336400003 10569.6636
105.0 397.0 0.0864200000025 10713.58
130.0 390.0 0.220629160004 10579.37084
163.0 403.0 0.163892080004 10636.10792
188.0 398.0 0.168414080003 10631.58592
219.0 389.0 0.273268800005 10526.7312
251.0 394.0 0.317142400007 10482.8576
288.0 404.0 0.160683680003 10639.31632
300.0 391.0 0.112098400003 10687.9016
335.0 403.0 0.0300133200003 10769.98668
364.0 392.0 0.241315320002 10558.68468
392.0 401.0 0.173141800001 10626.8582
430.0 397.0 0.116004800002 10683.9952
457.0 401.0 0.0990890000014 10700.911
484.0 401.0 0.0426883200008 10757.31168
15.0 435.0 0.0436723200011 10756.32768
48.0 430.0 0.154898400002 10645.1016
73.0 423.0 0.130649120003 10669.35088
109.0 423.0 0.202536000003 10597.464
130.0 431.0 0.106249200002 10693.7508
165.0 429.0 0.165422800002 10634.5772
199.0 432.0 0.0879375600013 10712.06244
229.0 422.0 0.0938429200022 10706.15708
242.0 417.0 0.120925280003 10679.07472
279.0 421.0 0.173037800001 10626.9622
315.0 432.0 0.141648200002 10658.3518
334.0 424.0 0.0729000000021 10727.1
372.0 434.0 0.2240104 10575.9896
393.0 431.0 0.166326440003 10633.67356
424.0 419.0 0.0720827200016 10727.91728
452.0 429.0 0.0690692800011 10730.93072
479.0 432.0 0.0749132000006 10725.0868
14.0 453.0 0.045096800001 10754.9032
45.0 460.0 0.102803560002 10697.19644
72.0 451.0 0.0648954000015 10735.1046
100.0 459.0 0.101434280002 10698.56572
131.0 451.0 0.0566712000015 10743.3288
162.0 458.0 0.0157000000005 10784.3
195.0 455.0 0.0775241600008 10722.47584
221.0 463.0 0.0457388000005 10754.2612
253.0 459.0 0.0207400000006 10779.26
274.0 452.0 0.0970860000023 10702.914
301.0 457.0 0.0910980400021 10708.90196
337.0 450.0 0.128878000002 10671.122
368.0 461.0 0.146612480003 10653.38752
388.0 459.0 0.171708640002 10628.29136
424.0 460.0 0.138975640001 10661.02436
454.0 460.0 0.084212240002 10715.78776
488.0 462.0 0.0351877200006 10764.81228
20.0 487.0 0.0433550400008 10756.64496
43.0 480.0 0.0395654400008 10760.43456
79.0 491.0 0.0444542000009 10755.5458
102.0 491.0 0.0399022400007 10760.09776
139.0 488.0 0.0289269200005 10771.07308
160.0 487.0 0.467342583662 8560.79072173
183.0 482.0 0.0311785600006 10768.82144
221.0 482.0 0.0538902800007 10746.10972
257.0 488.0 0.0696348000006 10730.3652
281.0 493.0 0.0219344400004 10778.06556
304.0 486.0 0.0319460000005 10768.054
334.0 481.0 0.0594168000015 10740.5832
371.0 489.0 0.0346886000004 10765.3114
400.0 489.0 0.077980480002 10722.01952
432.0 487.0 0.054350640001 10745.64936
450.0 488.0 0.0753688000012 10724.6312
489.0 488.0 0.0361375600005 10763.86244
431.0 433.0 0.0963412800016 10703.65872
353.0 358.0 0.224762560006 10575.23744
65.0 245.0 0.0991787200028 10700.82128
295.0 444.0 0.0633962000015 10736.6038
282.0 368.0 0.436851680011 10363.14832
105.0 294.0 0.237487640003 10562.51236
396.0 188.0 0.347182960008 10452.81704
159.0 413.0 0.105488320002 10694.51168
138.0 86.0 0.197106680003 10602.89332
272.0 361.0 0.345629760008 10454.37024
424.0 336.0 0.0875646400023 10712.43536
24.0 72.0 0.0685297600014 10731.47024
25.0 274.0 0.0952425600022 10704.75744
405.0 22.0 0.0106200000003 10789.38
