250.0 250.0
22.0 19.0 0.0328576800007 10767.14232
36.0 21.0 0.0300630000006 10769.937
66.0 16.0 0.0583536800006 10741.64632
102.0 9.0 0.0390681600007 10760.93184
131.0 7.0 0.0316504000005 10768.3496
146.0 16.0 0.0321331200007 10767.86688
176.0 13.0 0.591329475176 8574.15695756
204.0 7.0 0.0320312000007 10767.9688
240.0 19.0 0.0525504000014 10747.4496
262.0 6.0 0.0349043200004 10765.09568
298.0 17.0 0.0675507200014 10732.44928
321.0 6.0 0.0844408000006 10715.5592
342.0 12.0 0.0396618400009 10760.33816
370.0 9.0 0.0387403200005 10761.25968
399.0 20.0 0.0935987200003 10706.40128
429.0 11.0 0.0727410000013 10727.259
462.0 17.0 0.0386850000007 10761.315
488.0 6.0 0.0308180000004 10769.182
5.0 48.0 0.0252369600005 10774.76304
35.0 44.0 0.0812960000014 10718.704
76.0 47.0 0.0974864000021 10702.5136
102.0 45.0 0.102891600002 10697.1084
128.0 43.0 0.115445960002 10684.55404
151.0 48.0 0.105428000002 10694.572
175.0 44.0 0.0531046000012 10746.8954
210.0 39.0 0.0817120400017 10718.28796
241.0 44.0 0.105809960002 10694.19004
270.0 36.0 0.0909606400014 10709.03936
288.0 48.0 0.0946524000024 10705.3476
318.0 46.0 0.198498440005 10601.50156
338.0 35.0 0.086915120001 10713.08488
379.0 48.0 0.180117840002 10619.88216
397.0 42.0 0.122115520003 10677.88448
434.0 39.0 0.0694882400016 10730.51176
457.0 36.0 0.101950600001 10698.0494
491.0 40.0 0.0705219200011 10729.47808
21.0 62.0 0.0608712000015 10739.1288
46.0 70.0 0.101172200002 10698.8278
65.0 64.0 0.134071200002 10665.9288
100.0 61.0 0.192119520003 10607.88048
129.0 66.0 0.126911800003 10673.0882
156.0 70.0 0.225962000003 10574.038
184.0 76.0 0.179080480005 10620.91952
215.0 73.0 0.151826400002 10648.1736
230.0 70.0 0.150894360004 10649.10564
265.0 73.0 0.215526600003 10584.4734
287.0 65.0 0.228338400006 10571.6616
324.0 77.0 0.467146400005 10332.8536
354.0 77.0 0.256308000006 10543.692
373.0 66.0 0.103964880003 10696.03512
396.0 66.0 0.131125160003 10668.87484
425.0 64.0 0.149148160002 10650.85184
458.0 74.0 0.149509960002 10650.49004
490.0 70.0 0.0849872000019 10715.0128
12.0 92.0 0.0577137200011 10742.28628
44.0 100.0 0.100555440003 10699.44456
62.0 93.0 0.163120080003 10636.87992
94.0 91.0 0.181394000003 10618.606
119.0 96.0 0.222740480004 10577.25952
158.0 102.0 0.304160680005 10495.83932
179.0 96.0 0.316111840006 10483.88816
200.0 92.0 0.168338960003 10631.66104
241.0 100.0 0.435540800004 10364.4592
269.0 98.0 0.249353520007 10550.64648
295.0 104.0 0.410544640011 10389.45536
315.0 102.0 0.274056880007 10525.94312
349.0 104.0 0.162264000004 10637.736
369.0 95.0 0.320614400003 10479.3856
400.0 97.0 0.193339400005 10606.6606
429.0 104.0 0.175828000004 10624.172
466.0 91.0 0.123128400002 10676.8716
480.0 100.0 0.0638344000015 10736.1656
6.0 124.0 0.0290360800005 10770.96392
36.0 121.0 0.091318720002 10708.68128
71.0 118.0 0.313571480002 10486.42852
102.0 122.0 0.255978400007 10544.0216
124.0 118.0 0.273023360007 10526.97664
158.0 132.0 0.152254000004 10647.746
175.0 132.0 0.461912600005 10338.0874
215.0 124.0 0.38531604001 10414.68396
239.0 132.0 0.34811728001 10451.88272
264.0 130.0 0.503013280013 10296.98672
290.0 126.0 0.607120720016 10192.87928
322.0 129.0 0.530860840013 10269.13916
355.0 127.0 0.371988480006 10428.01152
368.0 130.0 0.137020960004 10662.97904
401.0 120.0 0.288087800001 10511.9122
430.0 127.0 0.143018000002 10656.982
451.0 129.0 0.0789150000019 10721.085
489.0 126.0 0.0567968000012 10743.2032
11.0 153.0 0.0744428000013 10725.5572
38.0 156.0 0.0871790000019 10712.821
77.0 150.0 0.130356000004 10669.644
96.0 146.0 0.339572400005 10460.4276
125.0 155.0 0.499233920006 10300.76608
150.0 148.0 0.263694400006 10536.3056
188.0 159.0 0.312273000008 10487.727
207.0 151.0 0.428472800012 10371.5272
230.0 146.0 0.52779264001 10272.20736
255.0 153.0 0.598244320009 10201.75568
293.0 148.0 0.621716289632 9533.66919999
313.0 153.0 0.526711000011 10273.289
343.0 157.0 0.553334240011 10246.66576
378.0 153.0 0.410903560005 10389.09644
402.0 158.0 0.229724800004 10570.2752
436.0 146.0 0.0366800000011 10763.32
463.0 154.0 0.06152988 10738.47012
488.0 151.0 0.0469360000007 10753.064
13.0 188.0 0.0520230400012 10747.97696
43.0 174.0 0.102776720002 10697.22328
66.0 177.0 0.166487200001 10633.5128
91.0 172.0 0.239205440006 10560.79456
124.0 184.0 0.207694840004 10592.30516
149.0 175.0 0.62623340001 10173.7666
175.0 188.0 0.795340000009 10004.66
209.0 177.0 0.790980538276 9741.86719999
236.0 180.0 0.703075000016 10096.925
270.0 179.0 0.804854697533 9194.60079999
292.0 186.0 0.883995600022 9916.00439998
312.0 181.0 0.538023000012 10261.977
346.0 179.0 0.309685600009 10490.3144
369.0 182.0 0.279161600007 10520.8384
400.0 179.0 0.113544800003 10686.4552
423.0 184.0 0.122463240003 10677.53676
463.0 181.0 0.0256200000007 10774.38
488.0 180.0 0.0457191600005 10754.28084
21.0 200.0 0.0358150000008 10764.185
49.0 211.0 0.103533520002 10696.46648
67.0 210.0 0.181959400004 10618.0406
94.0 206.0 0.231180000004 10568.82
121.0 201.0 0.377051320005 10422.94868
155.0 212.0 0.495404320011 10304.59568
181.0 202.0 0.624118080015 10175.88192
201.0 206.0 0.844167238899 9297.81807997
236.0 205.0 0.788320946005 9456.22675998
262.0 213.0 0.872823268952 8478.50103997
284.0 215.0 0.784709920591 9498.34939997
325.0 202.0 0.534463280013 10265.53672
352.0 211.0 0.327971200006 10472.0288
373.0 212.0 0.255592000003 10544.408
396.0 212.0 0.187892480005 10612.10752
424.0 212.0 0.123846720002 10676.15328
461.0 211.0 0.0694592000011 10730.5408
487.0 209.0 0.0290824000001 10770.9176
13.0 241.0 0.0394131200007 10760.58688
40.0 232.0 0.101912800003 10698.0872
64.0 230.0 0.153614000003 10646.386
91.0 244.0 0.161600480003 10638.39952
132.0 239.0 0.0752060000018 10724.794
159.0 228.0 0.119938560003 10680.06144
183.0 244.0 0.446785360012 10353.21464
200.0 240.0 0.597901200017 10202.0988
228.0 228.0 0.752040094924 9102.32495997
271.0 239.0 0.968816729177 9194.60679998
297.0 240.0 0.783961605109 9664.23123997
324.0 231.0 0.588327600013 10211.6724
339.0 238.0 0.35056824001 10449.43176
382.0 238.0 0.208848000004 10591.152
404.0 236.0 0.254890960006 10545.10904
429.0 243.0 0.102048960002 10697.95104
463.0 244.0 0.0736802800004 10726.31972
492.0 231.0 0.0399144000008 10760.0856
10.0 259.0 0.0380810000005 10761.919
45.0 259.0 0.138897000002 10661.103
77.0 257.0 0.164143880004 10635.85612
101.0 258.0 0.289090880006 10510.90912
130.0 268.0 0.381593680005 10418.40632
145.0 262.0 0.155184400004 10644.8156
184.0 261.0 0.605246920017 10194.75308
210.0 257.0 0.813244000022 9986.75599998
237.0 271.0 0.651720852267 9556.51079997
271.0 268.0 0.809671600018 9990.32839998
291.0 259.0 0.604899356648 9431.13999998
313.0 269.0 0.663788320017 10136.21168
339.0 265.0 0.71803962364 9750.35439998
368.0 266.0 0.407640080011 10392.35992
404.0 256.0 0.0907923200018 10709.20768
425.0 270.0 0.112066840003 10687.93316
464.0 262.0 0.0636100000011 10736.39
489.0 268.0 0.0464222400007 10753.57776
21.0 296.0 0.0437307200012 10756.26928
46.0 297.0 0.0899985200016 10710.00148
69.0 294.0 0.0969798000018 10703.0202
101.0 283.0 0.150126400003 10649.8736
125.0 293.0 0.187836640004 10612.16336
157.0 293.0 0.491337800013 10308.6622
176.0 291.0 0.745993057265 9837.14131998
206.0 292.0 0.573335464151 9479.70575997
232.0 283.0 0.794661220875 9349.07847998
268.0 293.0 0.569423193887 9887.90919997
285.0 291.0 0.620271000015 10179.729
312.0 286.0 0.524497657133 9721.08439998
339.0 288.0 0.609874760016 10190.12524
369.0 294.0 0.35232064001 10447.67936
398.0 299.0 0.43894528001 10361.05472
430.0 294.0 0.182388960004 10617.61104
456.0 299.0 0.0922045600013 10707.79544
493.0 297.0 0.0591271200009 10740.87288
22.0 323.0 0.0634632000011 10736.5368
45.0 315.0 0.0906002000023 10709.3998
62.0 318.0 0.104806200002 10695.1938
89.0 320.0 0.105700000003 10694.3
130.0 318.0 0.35867096001 10441.32904
157.0 322.0 0.120294520003 10679.70548
180.0 312.0 0.892235600018 9907.76439998
202.0 313.0 0.802675162653 8548.56699998
244.0 314.0 0.686821600013 10113.1784
266.0 314.0 0.381952800011 10418.0472
296.0 324.0 0.404726400005 10395.2736
322.0 318.0 0.235465120006 10564.53488
353.0 324.0 0.180103520004 10619.89648
372.0 324.0 0.654628600008 10145.3714
396.0 326.0 0.289205600007 10510.7944
423.0 324.0 0.215450000005 10584.55
459.0 317.0 0.125110000003 10674.89
478.0 321.0 0.0535769600013 10746.42304
20.0 355.0 0.0387876400007 10761.21236
40.0 344.0 0.0792502000019 10720.7498
63.0 348.0 0.239986800004 10560.0132
96.0 349.0 0.467530000004 10332.47
131.0 344.0 0.447270240012 10352.72976
152.0 340.0 0.693341280007 10106.65872
180.0 339.0 0.143469240004 10656.53076
216.0 343.0 0.759172960022 10040.82704
230.0 341.0 0.577937840167 9418.97311998
271.0 341.0 0.620298960007 10179.70104
293.0 347.0 0.434609600011 10365.3904
320.0 354.0 0.507525600009 10292.4744
341.0 343.0 0.101798320003 10698.20168
372.0 340.0 0.294816400008 10505.1836
403.0 339.0 0.425846160009 10374.15384
430.0 345.0 0.280368560004 10519.63144
452.0 353.0 0.100836480002 10699.16352
483.0 341.0 0.0547633600012 10745.23664
18.0 377.0 0.050251760001 10749.74824
44.0 368.0 0.144645200003 10655.3548
77.0 369.0 0.244060480005 10555.93952
103.0 371.0 0.168073000005 10631.927
122.0 379.0 0.352198000007 10447.802
151.0 371.0 0.321345200006 10478.6548
186.0 380.0 0.298523680009 10501.47632
203.0 382.0 0.790577800014 10009.4222
239.0 373.0 0.714287792053 9750.68219998
261.0 374.0 0.360237520009 10439.76248
295.0 382.0 0.299918840006 10500.08116
317.0 369.0 0.420491200009 10379.5088
343.0 366.0 0.348344240008 10451.65576
379.0 373.0 0.223176600004 10576.8234
404.0 375.0 0.379746440003 10420.25356
437.0 376.0 0.226486400003 10573.5136
465.0 371.0 0.0911490000018 10708.851
484.0 371.0 0.0567009600012 10743.29904
13.0 395.0 0.0212416000001 10778.7584
42.0 407.0 0.0520800000015 10747.92
62.0 399.0 0.180265000003 10619.735
104.0 407.0 0.0815534400012 10718.44656
128.0 408.0 0.109847000003 10690.153
147.0 402.0 0.158020000005 10641.98
175.0 405.0 0.454946640006 10345.05336
202.0 395.0 0.223853760005 10576.14624
241.0 405.0 0.504688960008 10295.31104
271.0 400.0 0.149600800004 10650.3992
295.0 404.0 0.135332480003 10664.66752
325.0 405.0 0.296528800004 10503.4712
347.0 403.0 0.277555000004 10522.445
369.0 400.0 0.0771816000018 10722.8184
401.0 406.0 0.187303080005 10612.69692
437.0 396.0 0.227868400004 10572.1316
459.0 403.0 0.131181160003 10668.81884
493.0 397.0 0.0481368000009 10751.8632
21.0 437.0 0.0613820000015 10738.618
48.0 423.0 0.0931766400021 10706.82336
65.0 437.0 0.220733440003 10579.26656
94.0 430.0 0.0589648000013 10741.0352
120.0 435.0 0.141335040004 10658.66496
150.0 424.0 0.242030320006 10557.96968
179.0 431.0 0.151910720004 10648.08928
208.0 426.0 0.313609440008 10486.39056
233.0 431.0 0.247349600005 10552.6504
260.0 435.0 0.222803320003 10577.19668
299.0 435.0 0.121455040003 10678.54496
324.0 438.0 0.0541309600014 10745.86904
349.0 433.0 0.169023200002 10630.9768
374.0 425.0 0.196462240004 10603.53776
404.0 431.0 0.121083680002 10678.91632
423.0 433.0 0.112903000003 10687.097
451.0 422.0 0.136224960002 10663.77504
489.0 426.0 0.0514072800011 10748.59272
14.0 462.0 0.0815888000017 10718.4112
38.0 450.0 0.142438480003 10657.56152
66.0 454.0 0.160052000003 10639.948
94.0 450.0 0.217980720004 10582.01928
133.0 455.0 0.228250000002 10571.75
148.0 460.0 0.141487200002 10658.5128
182.0 452.0 0.191338880003 10608.66112
202.0 455.0 0.178605120004 10621.39488
241.0 462.0 0.0944610000018 10705.539
271.0 452.0 0.0861656000026 10713.8344
287.0 466.0 0.0567312000011 10743.2688
316.0 452.0 0.0725996000018 10727.4004
339.0 451.0 0.0974640000018 10702.536
369.0 462.0 0.130868840002 10669.13116
395.0 459.0 0.088433280002 10711.56672
429.0 455.0 0.131935320003 10668.06468
459.0 452.0 0.0941537600009 10705.84624
478.0 462.0 0.0423188800009 10757.68112
13.0 483.0 0.0197064000005 10780.2936
40.0 478.0 0.0867328000018 10713.2672
72.0 492.0 0.0546456000011 10745.3544
100.0 485.0 0.0590144000011 10740.9856
132.0 493.0 0.0507142000008 10749.2858
159.0 483.0 0.110803600002 10689.1964
181.0 481.0 0.0945521200021 10705.44788
202.0 483.0 0.0833281600014 10716.67184
233.0 493.0 0.0259173200002 10774.08268
263.0 489.0 0.044489280001 10755.51072
295.0 483.0 0.0648203200015 10735.17968
314.0 482.0 0.0406276000007 10759.3724
353.0 487.0 0.0413152000008 10758.6848
371.0 490.0 0.039703680001 10760.29632
397.0 488.0 0.0472448000009 10752.7552
431.0 479.0 0.0443744000006 10755.6256
455.0 492.0 0.0240370000005 10775.963
482.0 491.0 0.0250985200004 10774.90148
108.0 144.0 0.189758000006 10610.242
466.0 351.0 0.0989520000024 10701.048
83.0 268.0 0.140508320002 10659.49168
331.0 438.0 0.120060000003 10679.94
147.0 73.0 0.185383920005 10614.61608
27.0 495.0 0.0584180000009 10741.582
145.0 404.0 0.209715000005 10590.285
240.0 75.0 0.130414640004 10669.58536
72.0 373.0 0.155258240004 10644.74176
151.0 192.0 0.482520000011 10317.48
399.0 70.0 0.283641000004 10516.359
56.0 490.0 0.0481265600009 10751.87344
51.0 431.0 0.0676825600018 10732.31744
464.0 116.0 0.0965099600015 10703.49004
70.0 112.0 0.151768640004 10648.23136
499.0 33.0 0.0361480000003 10763.852
145.0 474.0 0.0745520000021 10725.448
310.0 393.0 0.259420000005 10540.58
368.0 287.0 0.884605000011 9915.39499999
176.0 63.0 0.157600520003 10642.39948
309.0 431.0 0.196137000002 10603.863
249.0 139.0 0.342770720009 10457.22928
41.0 116.0 0.113105600003 10686.8944
204.0 274.0 0.802410947883 8593.18751996
157.0 382.0 0.136257480004 10663.74252
149.0 169.0 0.36266592001 10437.33408
