250.0 250.0
35.0 9.0 0.0314374000005 10768.5626
66.0 11.0 0.0770010800012 10722.99892
77.0 21.0 0.0973076000024 10702.6924
108.0 3.0 0.0353987200006 10764.60128
140.0 4.0 0.0407558000008 10759.2442
155.0 4.0 0.538870000008 10746.113
176.0 3.0 0.0374060800006 10762.59392
217.0 6.0 0.527893200013 10747.21068
233.0 0.0 0.505344000007 10749.4656
265.0 10.0 0.0444608000006 10755.5392
298.0 6.0 0.0430152400009 10756.98476
300.0 7.0 0.0366918400007 10763.30816
329.0 22.0 0.0300211200004 10769.97888
363.0 4.0 0.53920200001 10746.0798
378.0 0.0 0.0773641600006 10722.63584
408.0 2.0 0.0294846400005 10770.51536
432.0 17.0 0.0398227200004 10760.17728
496.0 24.0 0.0435120800007 10756.48792
5.0 39.0 0.0390909600005 10760.90904
38.0 49.0 0.760850000015 10723.915
62.0 43.0 0.0818860000024 10718.114
96.0 32.0 0.0936187200014 10706.38128
102.0 48.0 0.155761800004 10644.2382
128.0 35.0 0.0872798400019 10712.72016
170.0 27.0 0.114540400002 10685.4596
185.0 29.0 0.180124800003 10619.8752
211.0 31.0 0.0970996800021 10702.90032
236.0 27.0 0.118123000003 10681.877
267.0 44.0 0.186330400004 10613.6696
289.0 47.0 0.0948120000024 10705.188
300.0 33.0 0.0720765600014 10727.92344
346.0 37.0 0.102482840003 10697.51716
370.0 38.0 0.183722880004 10616.27712
383.0 25.0 0.0705742400016 10729.42576
403.0 42.0 0.111331000003 10688.669
430.0 43.0 0.0432110000011 10756.789
467.0 40.0 0.0932665600023 10706.73344
494.0 29.0 0.0441320000009 10755.868
0.0 67.0 0.053475680001 10746.52432
26.0 55.0 0.056421840001 10743.57816
71.0 53.0 0.142551120002 10657.44888
81.0 50.0 0.143723800002 10656.2762
106.0 54.0 0.173493240004 10626.50676
139.0 50.0 0.119016000002 10680.984
162.0 69.0 0.145562840003 10654.43716
196.0 52.0 0.156451600004 10643.5484
209.0 57.0 0.278648000002 10521.352
243.0 55.0 0.339758000004 10460.242
260.0 74.0 0.204370800005 10595.6292
278.0 58.0 0.217850000006 10582.15
301.0 52.0 0.132673120001 10667.32688
348.0 60.0 0.251867200004 10548.1328
373.0 52.0 0.158558760004 10641.44124
389.0 69.0 0.214544000004 10585.456
407.0 57.0 0.0767446400017 10723.25536
443.0 68.0 0.105255000003 10694.745
470.0 62.0 0.186598560002 10613.40144
486.0 61.0 0.0695866400019 10730.41336
6.0 99.0 0.0564754000013 10743.5246
31.0 92.0 0.109663600002 10690.3364
60.0 94.0 0.0679688000012 10732.0312
80.0 88.0 0.257008360005 10542.99164
121.0 76.0 0.196482640004 10603.51736
130.0 97.0 0.265704640005 10534.29536
160.0 87.0 0.0756961600017 10724.30384
181.0 95.0 0.155298600001 10644.7014
202.0 92.0 0.0653605600016 10734.63944
226.0 99.0 0.119818000003 10680.182
251.0 86.0 0.458184800005 10341.8152
280.0 79.0 0.177068120002 10622.93188
311.0 86.0 0.230430840004 10569.56916
337.0 82.0 0.445792480007 10354.20752
358.0 93.0 0.392470000007 10407.53
386.0 84.0 0.119018800003 10680.9812
418.0 98.0 0.254741360007 10545.25864
443.0 93.0 0.118300000003 10681.7
451.0 93.0 0.239157520005 10560.84248
491.0 83.0 0.0656326000016 10734.3674
5.0 112.0 0.0335590000008 10766.441
30.0 122.0 0.130215200003 10669.7848
64.0 101.0 0.177453240003 10622.54676
96.0 102.0 0.225244800006 10574.7552
111.0 112.0 0.267280400003 10532.7196
135.0 101.0 0.259610000004 10540.39
160.0 121.0 0.36947628001 10430.52372
197.0 124.0 0.326146400006 10473.8536
212.0 101.0 0.187340400005 10612.6596
233.0 120.0 0.417990000006 10382.01
251.0 103.0 0.135292400004 10664.7076
293.0 111.0 0.201485960003 10598.51404
310.0 111.0 0.114755200003 10685.2448
343.0 107.0 0.229748960006 10570.25104
351.0 117.0 0.868479000005 9931.52099999
391.0 113.0 0.255485040005 10544.51496
408.0 118.0 0.366511360006 10433.48864
431.0 114.0 0.229198200006 10570.8018
473.0 104.0 0.124532800002 10675.4672
497.0 103.0 0.0443104800007 10755.68952
11.0 134.0 0.0804160800015 10719.58392
31.0 149.0 0.0751864000018 10724.8136
74.0 132.0 0.189968320002 10610.03168
87.0 140.0 0.165319840004 10634.68016
120.0 143.0 0.244668320006 10555.33168
131.0 141.0 0.335388400004 10464.6116
150.0 131.0 0.345937400008 10454.0626
185.0 137.0 0.307506800008 10492.4932
203.0 143.0 0.268981680007 10531.01832
240.0 143.0 0.340119600007 10459.8804
258.0 131.0 0.256425360006 10543.57464
286.0 129.0 0.366573600005 10433.4264
309.0 148.0 0.321660800008 10478.3392
337.0 141.0 0.37570960001 10424.2904
368.0 146.0 0.440047280013 10359.95272
378.0 142.0 0.540380400012 10259.6196
422.0 133.0 0.378225760006 10421.77424
442.0 148.0 0.160535000003 10639.465
454.0 127.0 0.265829600006 10534.1704
487.0 136.0 0.0832980000017 10716.702
19.0 170.0 0.0470279600011 10752.97204
46.0 150.0 0.182860000003 10617.14
57.0 159.0 0.160349840004 10639.65016
92.0 160.0 0.323552280005 10476.44772
103.0 170.0 0.265909400007 10534.0906
126.0 163.0 0.267546720008 10532.45328
162.0 154.0 0.786518000007 10013.482
176.0 166.0 0.34493200001 10455.068
213.0 156.0 0.453088880012 10346.91112
247.0 158.0 0.613071320002 10186.92868
252.0 157.0 0.306340560008 10493.65944
275.0 166.0 0.81248680002 9987.51319998
313.0 153.0 0.369880400008 10430.1196
333.0 172.0 0.575535123191 9749.48699997
370.0 151.0 0.94891725529 9253.21767997
389.0 158.0 0.426520800012 10373.4792
406.0 167.0 0.672372160012 10127.62784
436.0 170.0 0.157283680004 10642.71632
458.0 157.0 0.0686269600016 10731.37304
490.0 151.0 0.041287200001 10758.7128
23.0 199.0 0.0366753600009 10763.32464
43.0 191.0 0.120975120002 10679.02488
66.0 180.0 0.244380200004 10555.6198
95.0 198.0 0.475392960008 10324.60704
122.0 181.0 0.344081360005 10455.91864
139.0 185.0 0.531678400013 10268.3216
164.0 196.0 0.460851600013 10339.1484
192.0 179.0 0.731638036511 9865.08159999
200.0 178.0 0.59700260001 10202.9974
246.0 192.0 0.768943342704 9322.47919997
252.0 184.0 0.687437600019 10112.5624
275.0 191.0 0.667727006282 9773.92199997
324.0 194.0 0.580037642127 9868.38999997
348.0 184.0 0.970711890252 9245.82479997
355.0 191.0 0.490201800014 10309.7982
398.0 193.0 0.288223600004 10511.7764
417.0 186.0 0.188042000005 10611.958
433.0 197.0 0.135909120002 10664.09088
473.0 185.0 0.0664548800012 10733.54512
486.0 195.0 0.0393240000009 10760.676
1.0 214.0 0.01966624 10780.33376
29.0 201.0 0.0156000000004 10784.4
69.0 210.0 0.183673600003 10616.3264
77.0 217.0 0.168405600004 10631.5944
103.0 201.0 0.216238400006 10583.7616
132.0 208.0 0.553792640008 10246.20736
155.0 215.0 0.744123046313 9883.31103999
197.0 205.0 0.617628000017 10182.372
216.0 207.0 0.990657179294 9238.25419998
231.0 223.0 0.510126999062 9558.34639997
250.0 206.0 0.877135240023 9922.86475998
276.0 203.0 0.7669010734 7877.37039996
311.0 203.0 0.809935957342 8514.08999998
328.0 202.0 0.517063064244 9338.93999997
370.0 216.0 0.524288200012 10275.7118
379.0 206.0 0.613133200009 10186.8668
405.0 204.0 0.216324240006 10583.67576
432.0 206.0 0.183253000003 10616.747
461.0 200.0 0.0853950400012 10714.60496
499.0 215.0 0.0579610000011 10742.039
6.0 231.0 0.0435599600009 10756.44004
38.0 246.0 0.0616600000015 10738.34
61.0 246.0 0.104829200002 10695.1708
80.0 233.0 0.132746360004 10667.25364
100.0 236.0 0.176015000003 10623.985
144.0 226.0 0.36725184001 10432.74816
164.0 249.0 0.830088000021 9969.91199998
189.0 229.0 0.669707979947 9355.29487998
224.0 248.0 0.697728748065 9893.84719998
248.0 226.0 0.77786941225 9104.40639997
264.0 241.0 0.997739744654 8828.88363994
280.0 236.0 0.574505809627 9470.93551996
303.0 247.0 0.714581320018 10085.41868
334.0 227.0 0.588397585479 9800.92611997
372.0 249.0 0.068760000002 10731.24
395.0 246.0 0.180685000003 10619.315
424.0 226.0 0.0615835200012 10738.41648
425.0 249.0 0.0924172400024 10707.58276
465.0 228.0 0.144211120002 10655.78888
492.0 229.0 0.0523388000009 10747.6612
22.0 253.0 0.071965240002 10728.03476
40.0 266.0 0.152490400003 10647.5096
61.0 269.0 0.201713200005 10598.2868
90.0 254.0 0.232232480005 10567.76752
117.0 250.0 0.122082800003 10677.9172
126.0 259.0 0.362702720003 10437.29728
166.0 260.0 0.38881320001 10411.1868
191.0 258.0 0.615688705778 9697.01627998
215.0 269.0 0.621166585546 9528.56071998
242.0 265.0 0.862622346631 8968.36999995
273.0 258.0 0.935116528713 9244.64903998
288.0 256.0 0.571928679037 9891.21999997
305.0 254.0 0.793233600023 10006.7664
325.0 268.0 0.251311560006 10548.68844
354.0 264.0 0.47624068001 10323.75932
382.0 260.0 0.211596000002 10588.404
408.0 269.0 0.201920920003 10598.07908
444.0 270.0 0.148414520001 10651.58548
470.0 273.0 0.0703718000011 10729.6282
485.0 261.0 0.0590416400011 10740.95836
11.0 299.0 0.0850011200019 10714.99888
31.0 283.0 0.256935680005 10543.06432
70.0 288.0 0.425663200006 10374.3368
84.0 285.0 0.293475680007 10506.52432
108.0 291.0 0.525395640006 10274.60436
137.0 280.0 0.188341080005 10611.65892
161.0 299.0 0.282816800008 10517.1832
179.0 283.0 0.835765440015 9964.23455999
202.0 291.0 0.649541729576 9550.41123998
238.0 286.0 0.906987454444 9208.47839998
253.0 293.0 0.488004200013 10311.9958
296.0 276.0 0.670299904839 9655.28427997
302.0 281.0 0.66352212993 9482.95919997
326.0 281.0 0.74424714996 9795.82099998
363.0 296.0 0.790578800007 10009.4212
398.0 293.0 0.262211920007 10537.78808
404.0 279.0 0.0720860000016 10727.914
446.0 293.0 0.0940726400025 10705.92736
474.0 290.0 0.0709840000015 10729.016
484.0 275.0 0.0224800000005 10777.52
9.0 320.0 0.0305936800008 10769.40632
30.0 309.0 0.124096040002 10675.90396
72.0 324.0 0.0979600000023 10702.04
82.0 307.0 0.161529280003 10638.47072
115.0 300.0 0.385633320009 10414.36668
145.0 303.0 0.682536800004 10117.4632
172.0 309.0 0.516169280011 10283.83072
195.0 317.0 0.543010000015 10256.99
211.0 310.0 0.532925840006 10267.07416
236.0 300.0 0.505293520014 10294.70648
258.0 313.0 0.851774800012 9948.22519999
277.0 312.0 0.413587560011 10386.41244
306.0 315.0 0.688767520008 10111.23248
344.0 308.0 0.242632680006 10557.36732
361.0 318.0 0.213596680006 10586.40332
391.0 313.0 0.245293160005 10554.70684
402.0 301.0 0.300237760006 10499.76224
434.0 318.0 0.200798920002 10599.20108
470.0 318.0 0.0936115200023 10706.38848
484.0 322.0 0.0575804000011 10742.4196
23.0 344.0 0.0781811200006 10721.81888
30.0 326.0 0.0583521200011 10741.64788
72.0 335.0 0.146987200004 10653.0128
81.0 339.0 0.169338000003 10630.662
122.0 337.0 0.229980080006 10570.01992
128.0 336.0 0.449692200006 10350.3078
164.0 349.0 0.265960000008 10534.04
187.0 345.0 0.353532000007 10446.468
207.0 346.0 0.651326720012 10148.67328
242.0 340.0 0.489398000013 10310.602
262.0 338.0 0.50016488001 10299.83512
288.0 339.0 0.402536480011 10397.46352
311.0 327.0 0.295581440008 10504.41856
331.0 343.0 0.715249040003 10084.75096
358.0 329.0 0.185192200005 10614.8078
389.0 326.0 0.332616160005 10467.38384
416.0 339.0 0.236844440003 10563.15556
439.0 342.0 0.143885600004 10656.1144
456.0 331.0 0.0895037600024 10710.49624
492.0 341.0 0.057557600001 10742.4424
2.0 366.0 0.0290380000006 10770.962
45.0 357.0 0.0424878400008 10757.51216
60.0 374.0 0.0931216000018 10706.8784
87.0 367.0 0.101232000002 10698.768
106.0 356.0 0.385839200007 10414.1608
136.0 362.0 0.266703840007 10533.29616
154.0 354.0 0.338743600009 10461.2564
181.0 370.0 0.624502880008 10175.49712
212.0 359.0 0.286810000008 10513.19
249.0 353.0 0.262206160007 10537.79384
257.0 353.0 0.129677600004 10670.3224
279.0 352.0 0.375352400006 10424.6476
322.0 370.0 0.172260000005 10627.74
333.0 363.0 0.292215520008 10507.78448
355.0 372.0 0.73139668001 10068.60332
389.0 355.0 0.321350360007 10478.64964
423.0 366.0 0.266921000004 10533.079
436.0 350.0 0.137684280004 10662.31572
468.0 355.0 0.117009200003 10682.9908
491.0 364.0 0.0214712000005 10778.5288
6.0 393.0 0.0545457200009 10745.45428
47.0 399.0 0.0890524800018 10710.94752
65.0 395.0 0.112855680003 10687.14432
84.0 384.0 0.249558080005 10550.44192
110.0 395.0 0.416886800009 10383.1132
143.0 380.0 0.474760960008 10325.23904
166.0 377.0 0.244300600007 10555.6994
184.0 388.0 0.309644640007 10490.35536
203.0 375.0 0.251730040007 10548.26996
227.0 375.0 0.184980320005 10615.01968
259.0 396.0 0.202788800005 10597.2112
275.0 390.0 0.446210400006 10353.7896
322.0 376.0 0.0680515200019 10731.94848
331.0 395.0 0.321632240006 10478.36776
358.0 379.0 0.317974600009 10482.0254
390.0 375.0 0.423173440005 10376.82656
412.0 398.0 0.181448440005 10618.55156
447.0 380.0 0.127244000003 10672.756
454.0 383.0 0.132670000003 10667.33
480.0 383.0 0.0554854400011 10744.51456
4.0 412.0 0.0579134400013 10742.08656
36.0 412.0 0.129620280002 10670.37972
61.0 400.0 0.217300320003 10582.69968
99.0 412.0 0.227821120004 10572.17888
116.0 409.0 0.293384800008 10506.6152
126.0 411.0 0.529040000006 10270.96
161.0 418.0 0.318005800008 10481.9942
184.0 420.0 0.361882880006 10438.11712
223.0 415.0 0.0830200000024 10716.98
248.0 421.0 0.0584635600014 10741.53644
252.0 420.0 0.209153200006 10590.8468
287.0 405.0 0.266737320006 10533.26268
314.0 409.0 0.179147200004 10620.8528
340.0 420.0 0.139813200002 10660.1868
365.0 410.0 0.395013440003 10404.98656
395.0 400.0 0.173364000003 10626.636
419.0 420.0 0.223329920004 10576.67008
441.0 414.0 0.100298800002 10699.7012
454.0 422.0 0.146054640001 10653.94536
489.0 400.0 0.0539317600011 10746.06824
20.0 435.0 0.0741450000014 10725.855
37.0 446.0 0.116268280002 10683.73172
73.0 447.0 0.155479600003 10644.5204
86.0 446.0 0.340310000002 10459.69
121.0 441.0 0.421199000008 10378.801
134.0 432.0 0.175254880005 10624.74512
160.0 432.0 0.265471200007 10534.5288
184.0 434.0 0.175272160005 10624.72784
200.0 448.0 0.158348800004 10641.6512
235.0 426.0 0.0716361600016 10728.36384
271.0 441.0 0.259107680003 10540.89232
294.0 438.0 0.174882240003 10625.11776
315.0 440.0 0.0997726400024 10700.22736
348.0 431.0 0.212695400004 10587.3046
353.0 447.0 0.149784960003 10650.21504
386.0 437.0 0.299495600006 10500.5044
407.0 448.0 0.137477360003 10662.52264
449.0 437.0 0.0796202400017 10720.37976
467.0 431.0 0.0619272000014 10738.0728
486.0 439.0 0.109720880001 10690.27912
8.0 468.0 0.0441232000009 10755.8768
39.0 474.0 0.0561840000011 10743.816
66.0 458.0 0.147177120002 10652.82288
85.0 462.0 0.148844120004 10651.15588
104.0 460.0 0.177473600005 10622.5264
146.0 467.0 0.169943600003 10630.0564
165.0 452.0 0.115408160003 10684.59184
188.0 473.0 0.0869492400022 10713.05076
202.0 456.0 0.100193600002 10699.8064
231.0 472.0 0.0600706800013 10739.92932
273.0 467.0 0.101728800003 10698.2712
287.0 464.0 0.142207200003 10657.7928
320.0 459.0 0.0979859200015 10702.01408
325.0 460.0 0.119774400003 10680.2256
360.0 472.0 0.066938400001 10733.0616
381.0 453.0 0.169893000004 10630.107
415.0 460.0 0.189032800003 10610.9672
433.0 467.0 0.0730840800018 10726.91592
474.0 472.0 0.0620857200014 10737.91428
498.0 460.0 0.043110800001 10756.8892
21.0 478.0 0.0394808000007 10760.5192
42.0 488.0 0.051429440001 10748.57056
65.0 486.0 0.048724960001 10751.27504
83.0 483.0 0.0927300000025 10707.27
123.0 483.0 0.0568432000011 10743.1568
128.0 492.0 0.0413757200007 10758.62428
158.0 495.0 0.0413454400006 10758.65456
194.0 494.0 0.0447419200005 10755.25808
211.0 493.0 0.0418280000006 10758.172
238.0 480.0 0.0400169600005 10759.98304
261.0 481.0 0.0626564000014 10737.3436
299.0 487.0 0.074467720002 10725.53228
311.0 475.0 0.0699439600017 10730.05604
337.0 486.0 0.0479565600008 10752.04344
365.0 497.0 0.0336140000007 10766.386
382.0 491.0 0.0460522000005 10753.9478
423.0 492.0 0.0431716800007 10756.82832
445.0 478.0 0.0976369600018 10702.36304
471.0 484.0 0.0450659200008 10754.93408
493.0 476.0 0.0514436000007 10748.5564
32.0 26.0 0.0439509600007 10756.04904
467.0 16.0 0.043005120001 10756.99488
